TP: 102
FP: 174
FN: 20
Precision: 0.3695652173913043
Recall: 0.8360655737704918
F1 Score: 0.5125628140703516