TP: 99
FP: 178
FN: 23
Precision: 0.3574007220216607
Recall: 0.8114754098360656
F1 Score: 0.4962406015037594