TP: 88
FP: 29
FN: 34
Precision: 0.7521367521367521
Recall: 0.7213114754098361
F1 Score: 0.7364016736401674