TP: 96
FP: 46
FN: 26
Precision: 0.676056338028169
Recall: 0.7868852459016393
F1 Score: 0.7272727272727273