TP: 107
FP: 387
FN: 15
Precision: 0.2165991902834008
Recall: 0.8770491803278688
F1 Score: 0.3474025974025974