TP: 102
FP: 119
FN: 20
Precision: 0.46153846153846156
Recall: 0.8360655737704918
F1 Score: 0.5947521865889214