TP: 98
FP: 36
FN: 24
Precision: 0.7313432835820896
Recall: 0.8032786885245902
F1 Score: 0.765625